 Start frame   End frame   Duration (frames)  Duration (s)
------------------------------------------------------------
          31          39                   9          1.80
          96         104                   9          1.80
         206         214                   9          1.80
         336         344                   9          1.80
         356         364                   9          1.80
         406         414                   9          1.80
         416         424                   9          1.80
         456         559                 104         20.80
         571         584                  14          2.80
         591         599                   9          1.80
         621         629                   9          1.80
         631         689                  59         11.80
         736         824                  89         17.80
        1026        1034                   9          1.80
        1056        1064                   9          1.80
        1101        1109                   9          1.80
        1111        1119                   9          1.80
        1121        1129                   9          1.80
        1141        1154                  14          2.80
        1291        1374                  84         16.80
        1546        1554                   9          1.80
        1636        1989                 354         70.80
